gene	Ben	Bill	Bob	Bop	Car	Carl	NC_027335	NC_029009	NC_029026	KY549443	AP018714	NC_009904	AP018715	TEX
fig|6666666.222563.peg.1	97.304	87.848		97.549										
fig|6666666.222563.peg.2		95.72		95.72										
fig|6666666.222563.peg.3	98.734	97.468	80.09				76.018			82.773				84.034
fig|6666666.222563.peg.4				100.0						88.976				94.118
fig|6666666.222563.peg.5	93.447	96.011		100.0						86.508				90.476
fig|6666666.222563.peg.6	93.678	95.402		97.126						90.805				90.805
fig|6666666.222563.peg.7														
fig|6666666.222563.peg.8	96.354	97.396		97.65						92.689				91.906
fig|6666666.222563.peg.9	97.849			100.0						88.889				91.756
fig|6666666.222563.peg.10	98.792	97.585		96.618						92.512				93.237
fig|6666666.222563.peg.11	94.792	100.0		100.0				95.833						
fig|6666666.222563.peg.12	95.96	98.99		100.0										
fig|6666666.222563.peg.13	97.222	98.333	77.401	100.0				98.333	76.271			79.245		
fig|6666666.222563.peg.14				99.02										
fig|6666666.222563.peg.15												91.373	91.765	
fig|6666666.222563.peg.16	97.945	98.63		97.959				97.279		93.197				
fig|6666666.222563.peg.17	94.222	95.111	81.696	96.875				95.089	78.222			82.589	76.889	
fig|6666666.222563.peg.18	99.471			99.471				98.413						98.413
fig|6666666.222563.peg.19	98.496			98.876			90.637		87.64	91.729	89.513	86.142		
fig|6666666.222563.peg.20	100.0	96.454		91.489			94.326	90.476		92.908	91.489			88.652
fig|6666666.222563.peg.21	98.502							97.753						
fig|6666666.222563.peg.22	97.619	96.032		100.0				97.642						
fig|6666666.222563.peg.23	97.987		93.548	100.0	93.421	93.421	93.624		94.595		93.289	91.447	93.421	
fig|6666666.222563.peg.24	94.298	95.614		99.123				94.298		89.035				89.474
fig|6666666.222563.peg.25	97.436	96.154		100.0				96.581						95.726
fig|6666666.222563.peg.26				100.0						93.256				94.788
fig|6666666.222563.peg.27				100.0				90.805		87.435				95.96
fig|6666666.222563.peg.28	91.515	91.515		100.0										
fig|6666666.222563.peg.29	90.439	89.922		100.0				93.696		83.155				
fig|6666666.222563.peg.30	96.347	95.89		99.772				99.315		96.804				
fig|6666666.222563.peg.31	96.627	96.948		99.839						97.51				97.028
fig|6666666.222563.peg.32	92.063	93.122		100.0				99.471						98.942
fig|6666666.222563.peg.33	94.467	94.467		93.117				94.384						96.221
fig|6666666.222563.peg.34				96.451										
fig|6666666.222563.peg.35	97.003	96.866		98.419			72.661	91.417		90.736			72.157	90.872
fig|6666666.222563.peg.36	99.588	97.942		99.588				95.062		89.3				90.123
fig|6666666.222563.peg.37	95.767	95.503		96.825										
fig|6666666.222563.peg.38	96.479	98.005		98.474				97.297		88.902				89.02
fig|6666666.222563.peg.39	98.765	100.0		100.0				100.0		89.308				89.308
fig|6666666.222563.peg.40	98.208	97.849		97.849				100.0		90.625				89.453
fig|6666666.222563.peg.41	96.199	95.906		95.906				96.199						
fig|6666666.222563.peg.42	89.61			89.61				95.699		89.13				
fig|6666666.222563.peg.43	96.97	97.306		96.97				99.174		87.879				82.192
fig|6666666.222563.peg.44	98.658	98.434		99.329				98.434		78.06				77.149
fig|6666666.222563.peg.45	97.744	97.744		98.997				97.243		83.92				83.459
fig|6666666.222563.peg.46	99.621	99.621		100.0				99.242		95.833				95.833
fig|6666666.222563.peg.47	97.003	97.37		98.96				97.859		95.413				95.168
fig|6666666.222563.peg.48	97.508	97.196		93.769				97.819		93.146				92.523
fig|6666666.222563.peg.49	96.491	96.626		98.111				97.973	65.612	89.571				90.027
fig|6666666.222563.peg.50	97.354	97.354		98.942				97.354		95.238				95.238
fig|6666666.222563.peg.51	96.88	96.88		97.373	65.731	65.731		95.567	66.129	94.581	65.392			94.581
fig|6666666.222563.peg.52	98.264	99.132		99.479				98.785		95.486				95.313
fig|6666666.222563.peg.53	95.405	95.624		98.031				98.031		96.499				96.061
fig|6666666.222563.peg.54	98.006	98.006		98.291				98.006		96.296		67.308	68.121	97.151
fig|6666666.222563.peg.55	94.977	95.434		94.977				94.667		96.0				93.151
fig|6666666.222563.peg.56	86.777	86.777		97.619				96.552						96.429
fig|6666666.222563.peg.57				97.484										
fig|6666666.222563.peg.58	76.961	77.451		98.039				83.824						
fig|6666666.222563.peg.59	95.39	95.567		96.277				95.567		94.149				93.085
fig|6666666.222563.peg.60	98.746	99.104		99.642				94.624						
fig|6666666.222563.peg.61	99.736	99.736		99.868				92.095		89.499				
fig|6666666.222563.peg.62	99.099	99.099		100.0				97.598						
fig|6666666.222563.peg.63	98.45	97.674		98.966		87.402	87.927	96.641		96.0		87.402	86.877	
fig|6666666.222563.peg.64	97.484	98.039		98.039		86.667	87.619	98.039		98.039		87.619	87.619	97.059
fig|6666666.222563.peg.65	99.068	99.184		98.951		89.988	89.87	99.143		97.902		89.87	89.87	97.319
fig|6666666.222563.peg.66	94.309	94.309		95.447				95.285		92.52				92.683
fig|6666666.222563.peg.67	87.755	87.755		87.755				87.415		89.116				88.776
fig|6666666.222563.peg.68	93.769	93.873	70.949	93.977	68.836	70.923	70.02	93.873	70.751	81.727	69.419	69.822	70.553	80.924
fig|6666666.222563.peg.69	92.381	97.143		90.635				96.667		90.317				89.683
fig|6666666.222563.peg.70	97.867	97.733		98.0				97.333		90.0				90.4
fig|6666666.222563.peg.71	98.291	98.718		98.077				98.504		73.718				73.504
fig|6666666.222563.peg.72	98.106	98.485		98.864				98.106						
fig|6666666.222563.peg.73	99.091	98.788		99.394				98.788						
fig|6666666.222563.peg.74	98.785	98.611		98.264				98.264						94.928
fig|6666666.222563.peg.75	96.72	96.454		97.163				97.163						96.61
fig|6666666.222563.peg.76	97.236	97.724		98.211				97.724						
fig|6666666.222563.peg.77	95.037	95.956		97.243				95.037						
fig|6666666.222563.peg.78	97.051	97.855		98.123				98.928						94.051
fig|6666666.222563.peg.79	82.979	82.979		82.553				81.277		92.083				98.333
fig|6666666.222563.peg.80	81.145	81.145		81.145				81.425		98.562				98.301
fig|6666666.222563.peg.81	85.839	85.839		86.014				85.839		98.284				98.897
fig|6666666.222563.peg.82	96.317	96.731		94.936				96.409		66.826				97.974
fig|6666666.222563.peg.83	99.259	100.0		99.259				99.259		85.185				100.0
fig|6666666.222563.peg.84	99.037	99.759		99.278				99.096		96.992				99.037
fig|6666666.222563.peg.85	99.02	99.02		99.673				99.02		98.366				97.386
fig|6666666.222563.peg.86	100.0	100.0		99.074				100.0		97.685				98.611
fig|6666666.222563.peg.87	98.434	98.695		99.217				98.108						81.513
fig|6666666.222563.peg.88	98.667	98.222	78.302	100.0	78.302	78.302	77.934	98.667		98.667	78.302	77.934	77.934	98.667
fig|6666666.222563.rna.1														
fig|6666666.222563.rna.2														
fig|6666666.222563.rna.3														
fig|6666666.222563.rna.4														
fig|6666666.222563.rna.5														
fig|6666666.222563.peg.89	96.143	96.143		95.592				96.419		95.935				95.317
fig|6666666.222563.peg.90														
fig|6666666.222563.rna.6														
fig|6666666.222563.peg.91														
fig|6666666.222563.rna.7														
fig|6666666.222563.rna.8														
fig|6666666.222563.peg.92	99.099			100.0				100.0		96.847				94.144
fig|6666666.222563.rna.9														
fig|6666666.222563.rna.10														
fig|6666666.222563.rna.11														
fig|6666666.222563.rna.12														
fig|6666666.222563.rna.13														
fig|6666666.222563.rna.14														
fig|6666666.222563.peg.93	99.101		92.811	99.615	92.94	92.94	93.325				92.94	92.683	93.325	
fig|6666666.222563.rna.15														
fig|6666666.222563.rna.16														
fig|6666666.222563.rna.17														
fig|6666666.222563.rna.18														
fig|6666666.222563.rna.19														
fig|6666666.222563.rna.20														
fig|6666666.222563.rna.21														
fig|6666666.222563.rna.22														
fig|6666666.222563.rna.23														
fig|6666666.222563.rna.24														
fig|6666666.222563.peg.94	97.345	97.64		99.115				96.97		97.64				97.935
fig|6666666.222563.peg.95	100.0	100.0	82.405	100.0	82.405	82.405	82.405	100.0	82.405	99.138	82.405	82.405	82.405	99.425
fig|6666666.222563.peg.96	99.225	96.899		96.899				96.899		95.349				99.225
fig|6666666.222563.peg.97	100.0	99.405		99.405			80.0	99.405	80.0	98.81	80.0	80.0	80.0	99.405
fig|6666666.222563.peg.98	99.767	98.368		97.902				98.368		98.834				98.834
fig|6666666.222563.peg.99	99.905	98.769	78.833	99.053	77.987		79.525	98.295	78.739		79.262	79.083	78.94	97.917
fig|6666666.222563.peg.100			97.444						97.125					
fig|6666666.222563.peg.101	98.646	97.97	75.652	97.293	75.395	75.439	75.652	98.985	74.957	96.785	75.826	75.652	75.395	96.954
fig|6666666.222563.peg.102	100.0	98.818		98.7				99.054		97.409				97.045
fig|6666666.222563.peg.103	99.371	99.214	67.955	99.371	67.197	67.396	67.793	99.057	67.197	98.899	67.197	67.197	70.533	98.27
fig|6666666.222563.peg.104	99.44	99.16		98.88				99.16		97.759				98.599
fig|6666666.222563.peg.105	99.92	99.682	88.996	99.682	86.68	86.1	88.61	99.682	87.838	87.638	86.486	88.803	88.803	88.425
fig|6666666.222563.peg.106	99.672	99.343		99.179						93.178				96.172
fig|6666666.222563.peg.107	99.894	98.942		99.153				99.048		97.778				98.942
fig|6666666.222563.peg.108	100.0	99.42	68.047	99.13	68.639	68.343	68.343	98.841	68.935	98.841	68.935	68.343	68.639	99.42
fig|6666666.222563.peg.109	99.941	98.697	78.417	99.23	79.568	78.417	78.273	98.816	79.281	98.681	79.281	78.417	78.345	98.283
fig|6666666.222563.peg.110	100.0	99.873	75.599	99.747	74.644	74.774	74.903	99.873	74.774	98.733	74.386	74.644	74.903	97.338
fig|6666666.222563.peg.111	98.813	97.843		99.604				98.132		94.664				87.87
fig|6666666.222563.peg.112	98.664	98.875	82.004	99.719	81.419	82.229	82.881	98.805	82.196	98.929	82.078	82.078	82.229	98.787
fig|6666666.222563.peg.113	98.81	98.413		98.81				98.81		99.206				99.603
fig|6666666.222563.peg.114	99.889	99.22	76.319	99.666	76.553	75.967	76.671	99.22	76.671	97.993	76.671	76.671	75.967	98.328
fig|6666666.222563.peg.115	99.542	98.396	72.222	99.198	71.834	72.361	71.834	98.855	72.071	98.282	72.071	71.953	72.361	98.396
fig|6666666.222563.peg.116	99.359	98.558	73.333	99.359	73.016	73.333	77.544	98.558	73.333	98.237	73.175	73.333	73.333	99.519
fig|6666666.222563.peg.117	100.0	99.173	73.672	99.645	74.144	74.205	74.087	99.291	74.205	98.936	74.087	73.79	74.205	98.936
fig|6666666.222563.peg.118	100.0	99.583	78.512	100.0	78.512	78.512		99.583	85.849	97.917	78.512	78.512	78.512	99.167
fig|6666666.222563.peg.119	99.942	98.713	81.51	98.713	87.185	87.185	81.51	98.246	81.919	96.725	81.568	81.51	81.627	97.368
fig|6666666.222563.peg.120	99.764	97.872	86.525	100.0	87.805	87.805	88.076	99.527	85.579	95.024	88.076	86.525	86.052	98.578
fig|6666666.222563.peg.121	100.0	100.0	73.176	100.0	73.176	73.176	72.941	99.578	73.882	92.405	73.176	73.176	72.941	91.139
fig|6666666.222563.peg.122	100.0	99.495	77.046	99.485	77.246	77.246	78.007	99.663	78.694	94.949	78.351	78.007	78.179	94.613
fig|6666666.222563.peg.123	99.891	99.043	69.844	99.836	69.37	69.37	69.629	99.125	69.637	85.823	69.634	69.866	69.445	89.893
fig|6666666.222563.peg.124	99.484	97.937	70.108	98.571	69.824	69.824	70.098	98.532	69.869	91.865	70.162	70.054	70.162	91.31
fig|6666666.222563.peg.125	99.169	89.019	72.393	97.251	72.393	72.337	72.535	94.835	72.458	91.402	72.224	72.45	72.252	91.526
fig|6666666.222563.peg.126	92.998	91.815	63.613	93.047	63.654	63.869	63.188	92.061	63.278	85.084	63.278	63.452	63.427	84.78
fig|6666666.222563.peg.127														
fig|6666666.222563.peg.128	99.32	95.918		99.32				98.529		93.836				91.837
fig|6666666.222563.peg.129	98.291	97.009	75.253	98.291	75.469	75.469	75.296	97.863	75.543	96.439	74.819	75.325	75.578	96.784
fig|6666666.222563.peg.130	98.138	97.952	74.907	98.138	74.721	74.721	74.907	98.138	75.093	97.207	75.651	75.465	74.907	96.276
fig|6666666.222563.peg.131	96.596	97.589	78.203	96.596	78.056	78.056	78.792	96.738	77.614	92.482	77.467	77.614	78.792	87.801
fig|6666666.222563.peg.132	99.905	98.765	77.093	99.905	76.708	76.708	76.996	98.575	76.616	93.162	76.901	76.886	76.996	90.408
fig|6666666.222563.peg.133	99.827	95.924		99.914				97.781						
fig|6666666.222563.peg.134	99.817	96.52	75.763	99.817	75.954	75.954	75.0	96.703	74.51	96.337	75.954	76.145	75.0	97.07
fig|6666666.222563.peg.135	99.855	94.859	80.978	99.046	81.122	81.151	82.208	94.507	81.483	97.398	81.094	80.921	81.237	98.12
fig|6666666.222563.peg.136	98.962		81.014	98.858	90.447	90.447	86.293	98.858		89.72	90.447		88.37	
fig|6666666.222563.peg.137	98.068	98.551		98.068				99.034		94.686				98.551
fig|6666666.222563.peg.138	100.0	96.847	73.785	97.466	73.857	74.392	73.964	99.043	73.942	97.281	74.696	73.913	74.164	97.973
fig|6666666.222563.peg.139	99.878	99.027	67.222	98.236	66.86	66.86	67.222	99.513	67.009	98.236	67.093	67.35	67.093	98.236
fig|6666666.222563.peg.140	97.963	96.47	77.453	96.47	77.528	77.528	77.528	94.908	77.228	99.038	77.303	77.378	77.378	98.235
fig|6666666.222563.peg.141	95.101	95.865	72.965	95.197	72.864	72.864	72.663	95.197	72.462	94.428	73.166	72.764	73.166	98.751
fig|6666666.222563.peg.142	97.464	96.989		97.781				97.728		97.042				99.313
fig|6666666.222563.peg.143	96.818	96.97	65.812	96.97	65.299	65.299	65.306	96.97	65.812	94.394	66.269	65.641	65.136	97.424
fig|6666666.222563.peg.144	97.443	97.727	69.289	97.254	69.181	69.181		97.348	69.256	96.117	69.397	69.504	69.397	98.39
fig|6666666.222563.peg.145	95.692	95.692	69.421	95.918	68.955	68.955	68.799	95.918	69.423	94.805	70.083	69.111	70.083	96.145
fig|6666666.222563.peg.146	98.095	97.143		97.143				96.203		96.203				99.048
fig|6666666.222563.peg.147	97.756	98.077		97.436						98.718				98.397
fig|6666666.222563.peg.148	98.077	99.038		98.718				98.718		99.038				99.038
fig|6666666.222563.peg.149	96.206	96.748	72.201	96.206	73.913	73.913	72.587	96.206	72.201	98.916	72.587	72.201	72.587	96.748
fig|6666666.222563.peg.150	97.068	98.457		97.685				97.685						
fig|6666666.222563.peg.151	96.912	98.083	71.598	98.378	71.302	71.302	71.746	98.378	71.302	98.239	71.746	71.302	71.746	97.063
fig|6666666.222563.peg.152	96.995	96.721		96.995				96.995		96.448				98.087
fig|6666666.222563.peg.153		99.275		98.551				98.551		97.826				100.0
fig|6666666.222563.peg.154	95.035	95.745		95.035				95.272		95.981				95.745
fig|6666666.222563.peg.155	98.491	98.616	74.576	98.491	74.282	74.282	75.333	98.365	74.543	98.491	74.576	74.446	74.576	97.987
fig|6666666.222563.peg.156	98.714	98.071	74.79	98.714	75.21	75.21	73.6	97.749	75.896	99.357	76.221	76.221	76.221	98.392
fig|6666666.222563.peg.157	97.621	97.39	69.221	97.456	69.221	69.221	69.107	97.485	69.041	98.427	69.472	70.679	69.428	96.729
fig|6666666.222563.peg.158	97.74	97.552	77.238	97.74	77.494	77.494	77.238	97.74	77.494	98.87	77.238	77.238	77.494	99.247
fig|6666666.222563.peg.159	98.026	97.798	65.685	98.178	66.125	66.125	65.707	98.07		95.9	66.208	66.24	66.083	95.444
fig|6666666.222563.peg.160	97.115	97.276	75.63	97.596	75.63	76.779	77.154	97.115	75.711	97.568	76.966	75.548	76.779	98.397
fig|6666666.222563.peg.161	95.733	96.267	73.667	99.2	73.764	74.242	73.333	95.733	73.0	96.97	76.211	73.244	76.211	95.733
fig|6666666.222563.peg.162	98.706	97.411	72.203	99.029	71.864	72.034	72.927	98.544	71.864	97.573	72.081	72.42	72.081	96.278
fig|6666666.222563.peg.163	99.283	99.642	85.401	100.0	85.766	85.766	85.401	100.0	85.629	99.642	85.401	85.401	85.401	98.925
fig|6666666.222563.peg.164	97.327	96.825		98.997				97.911		95.238				93.718
fig|6666666.222563.peg.165	96.644	94.407	73.206	97.291	72.36	72.36		96.868	72.36	93.065	71.685	71.91	71.685	92.29
fig|6666666.222563.peg.166	96.624	97.046		94.937						89.873				86.92
fig|6666666.222563.peg.167	97.778	98.889		98.519				99.259		82.222				82.222
fig|6666666.222563.peg.168	97.511	97.87		99.574	64.74		65.191	98.19		89.35	64.595		64.595	88.179
fig|6666666.222563.peg.169	97.196	97.352	72.846	97.586	75.761	75.862	72.927	97.352	72.52	96.73	72.439	72.764	72.764	96.417
fig|6666666.222563.peg.170	98.374	98.374		98.103				98.103		98.374				97.29
fig|6666666.222563.peg.171	96.279	97.829		98.605		65.704		98.45		94.419				95.504
fig|6666666.222563.peg.172	97.841	97.841	72.599	98.516	72.316	72.599	72.599	98.381	72.034	98.381	72.458	72.175	72.458	97.301
fig|6666666.222563.peg.173	99.206	97.222	68.243	99.008	69.128	68.456	69.128	98.016	68.792	94.444	69.128	69.128	69.128	95.04
fig|6666666.222563.peg.174	97.809	98.385	66.15	97.693	65.487	66.15	65.487	97.578	65.455	84.429	65.708	66.372	65.708	84.544
fig|6666666.222563.peg.175	98.172	97.989		99.454				96.161		75.224				74.955
fig|6666666.222563.peg.176	97.291	97.173		96.938				97.409		91.991				96.231
fig|6666666.222563.peg.177	96.528	96.528		92.994				96.267						93.519
fig|6666666.222563.peg.178	98.707	98.994	76.284	98.994	76.133	76.133	76.737	98.563	76.133	96.983	75.982	76.284	76.888	98.276
fig|6666666.222563.peg.179	98.495	96.774	71.354	98.065	71.615	71.615	71.094	98.71	71.094	94.839	71.354	71.354	71.094	95.054
fig|6666666.222563.peg.180	93.103	92.759		99.559				94.138		92.254				92.254
fig|6666666.222563.peg.181	97.731	97.49		98.886				98.267		93.909				95.466
fig|6666666.222563.peg.182	97.861	97.861		99.237				97.326		89.127				92.513
fig|6666666.222563.peg.183	87.764	99.578		94.937				94.937		91.983				84.81
fig|6666666.222563.peg.184	99.197	98.795		99.598				99.197		92.771				98.795
fig|6666666.222563.peg.185	99.773	99.546		98.857				95.207		91.014				97.74
fig|6666666.222563.peg.186	95.289	96.845						97.531						94.616
fig|6666666.222563.peg.187	98.777	98.471		96.024						85.627				85.321
fig|6666666.222563.peg.188								98.23		97.788				97.345
fig|6666666.222563.peg.189								97.701		96.552				97.126
fig|6666666.222563.peg.190	95.175	99.342		89.912				98.219		84.43				89.474
fig|6666666.222563.peg.191	97.464	97.101		96.014						88.571				
